1.517777114091396106e+04
1.520379481895697791e+04
1.529501826687777066e+04
1.555951300697670558e+04
1.561011131471488261e+04
1.563709231248531978e+04
1.573091556471850890e+04
1.575788765951275673e+04
1.592575388870999632e+04
1.601821062703827010e+04
1.612322816986246289e+04
1.614061208378099764e+04
1.615712184065202746e+04
1.628328409153150096e+04
1.631503463185393412e+04
1.636763757547347996e+04
1.654085673055929510e+04
1.655480234927073252e+04
1.658891569252124464e+04
1.659395851432081326e+04
1.663136902487876796e+04
1.667853881515185640e+04
1.682015524931529580e+04
1.682340887041225142e+04
1.687182258699534941e+04
